FFT 200
pad center
big window True
args: 2 0.05
         0.28822527134798936
args: 2 0.0736842105263158
         0.3260155425586224
args: 2 0.09736842105263158
         0.3102689545822527
args: 2 0.12105263157894737
         0.2966577307235678
args: 2 0.14473684210526316
         0.2696335087682715
args: 2 0.16842105263157897
         0.2702597578375163
args: 2 0.19210526315789472
         0.2608167751206846
args: 2 0.21578947368421053
         0.25358002960241993
args: 2 0.23947368421052634
         0.2500938430728493
args: 2 0.2631578947368421
         0.24654299956609116
args: 2 0.2868421052631579
         0.24501080137091907
args: 2 0.3105263157894737
         0.2411470565853639
args: 2 0.33421052631578946
         0.23678274356950757
args: 2 0.35789473684210527
         0.23132249169698482
args: 2 0.3815789473684211
         0.22743372071068663
args: 2 0.4052631578947368
         0.22566418370026492
args: 2 0.42894736842105263
         0.2172548265344953
args: 2 0.45263157894736844
         0.21570787093689792
args: 2 0.4763157894736842
         0.21914589679041396
args: 2 0.5
         0.21373068307170284
args: 3 0.05
         0.3269698829357923
args: 3 0.0736842105263158
         0.32502109212627317
args: 3 0.09736842105263158
         0.3137908138787905
args: 3 0.12105263157894737
         0.30714444742863345
args: 3 0.14473684210526316
         0.28963664375341325
args: 3 0.16842105263157897
         0.2753694229837236
args: 3 0.19210526315789472
         0.2699132651154855
args: 3 0.21578947368421053
         0.26380443380789687
args: 3 0.23947368421052634
         0.2559564595966385
args: 3 0.2631578947368421
         0.25464746141169003
args: 3 0.2868421052631579
         0.2410370449531231
args: 3 0.3105263157894737
         0.23666281835822084
args: 3 0.33421052631578946
         0.23212091845028293
args: 3 0.35789473684210527
         0.2303437478640486
args: 3 0.3815789473684211
         0.2274111643448545
args: 3 0.4052631578947368
         0.22492509518464993
args: 3 0.42894736842105263
         0.22792447837665278
args: 3 0.45263157894736844
         0.22607405115709772
args: 3 0.4763157894736842
         0.22389896254123784
args: 3 0.5
         0.2221307486651301
args: 4 0.05
         0.32390271997287073
args: 4 0.0736842105263158
         0.3289733947800723
args: 4 0.09736842105263158
         0.32687093592686356
args: 4 0.12105263157894737
         0.30304666500965766
args: 4 0.14473684210526316
         0.3016723062092088
args: 4 0.16842105263157897
         0.2928365931179155
args: 4 0.19210526315789472
         0.27200045642222637
args: 4 0.21578947368421053
         0.25652013302107735
args: 4 0.23947368421052634
         0.25377609495258335
args: 4 0.2631578947368421
         0.25498117404081283
args: 4 0.2868421052631579
         0.24610075947753327
args: 4 0.3105263157894737
         0.2392219705810164
args: 4 0.33421052631578946
         0.23499905748221062
args: 4 0.35789473684210527
         0.2435136629567534
args: 4 0.3815789473684211
         0.24078128992921982
args: 4 0.4052631578947368
         0.23572625958179055
args: 4 0.42894736842105263
         0.23654782252849188
args: 4 0.45263157894736844
`        0.23275561874085127
args: 4 0.4763157894736842
         0.23241253436199671
args: 4 0.5
         0.2261272114360962
args: 5 0.05
         0.35217943304633703
args: 5 0.0736842105263158
         0.3358127251094087
args: 5 0.09736842105263158
         0.3225417287463576
args: 5 0.12105263157894737
         0.3065929188108393
args: 5 0.14473684210526316
         0.3091587085525822
args: 5 0.16842105263157897
         0.2980387465313003
args: 5 0.19210526315789472
         0.277321262872925
args: 5 0.21578947368421053
         0.2717766461664096
args: 5 0.23947368421052634
         0.2733453896227068
args: 5 0.2631578947368421
         0.25775689478445685
args: 5 0.2868421052631579
         0.25192434859954516
args: 5 0.3105263157894737
         0.2488175209281756
args: 5 0.33421052631578946
         0.24664532561792765
args: 5 0.35789473684210527
         0.24621504159712132
args: 5 0.3815789473684211
         0.2443002315200374
args: 5 0.4052631578947368
         0.24063592800920294
args: 5 0.42894736842105263
`        0.2385895463767235
args: 5 0.45263157894736844
         0.235750274260267
args: 5 0.4763157894736842
         0.22943575992070975
args: 5 0.5
         0.22721139019125555
args: 6 0.05
         0.35809198859138686
args: 6 0.0736842105263158
         0.33732016368324275
args: 6 0.09736842105263158
         0.3388526352887569
args: 6 0.12105263157894737
         0.3272961454902732
args: 6 0.14473684210526316
         0.31234300432290285
args: 6 0.16842105263157897
         0.3020584485879829
args: 6 0.19210526315789472
         0.2841649404417801
args: 6 0.21578947368421053
         0.2807207071477417
args: 6 0.23947368421052634
         0.277011356497073
args: 6 0.2631578947368421
         0.26747380842835844
args: 6 0.2868421052631579
         0.26101138082973896
args: 6 0.3105263157894737
         0.2583845454389421
args: 6 0.33421052631578946
         0.25505760499442814
args: 6 0.35789473684210527
         0.2486561597290721
args: 6 0.3815789473684211
         0.24685974058539636
args: 6 0.4052631578947368
         0.2448183724218327
args: 6 0.42894736842105263
         0.23994869453123482
args: 6 0.45263157894736844
         0.23685176323322676
args: 6 0.4763157894736842
         0.23339231240247169
args: 6 0.5
         0.23024639299772354
args: 7 0.05
         0.35231512948257615
args: 7 0.0736842105263158
         0.3468371107863489
args: 7 0.09736842105263158
         0.34365739959797015
args: 7 0.12105263157894737
         0.33469682417717694
args: 7 0.14473684210526316
         0.31778489391310855
args: 7 0.16842105263157897
         0.3095470832223647
args: 7 0.19210526315789472
         0.29152461152350406
args: 7 0.21578947368421053
         0.28172674587124136
args: 7 0.23947368421052634
         0.27940129336002306
args: 7 0.2631578947368421
         0.27371850717984714
args: 7 0.2868421052631579
         0.264576383994406
args: 7 0.3105263157894737
         0.2585807501284825
args: 7 0.33421052631578946
         0.26065904355728836
args: 7 0.35789473684210527
         0.2542521986155858
args: 7 0.3815789473684211
         0.25149667208977877
args: 7 0.4052631578947368
         0.2463891147314256
args: 7 0.42894736842105263
         0.24179439200324873
args: 7 0.45263157894736844
         0.2392863843277625
args: 7 0.4763157894736842
         0.23657792999878202
args: 7 0.5
         0.23307860392348362
args: 8 0.05
         0.3980139489011532
args: 8 0.0736842105263158
         0.35590661637141574
args: 8 0.09736842105263158
         0.34568874551165896
args: 8 0.12105263157894737
         0.33911276312267774
args: 8 0.14473684210526316
         0.3288719284364353
args: 8 0.16842105263157897
         0.31051086993460847
args: 8 0.19210526315789472
         0.29815313789941983
args: 8 0.21578947368421053
         0.2910860328375188
args: 8 0.23947368421052634
         0.2827841093814566
args: 8 0.2631578947368421
         0.28229381951226806
args: 8 0.2868421052631579
         0.27469667308738055
args: 8 0.3105263157894737
         0.26942215244412837
args: 8 0.33421052631578946
         0.2653324651134663
args: 8 0.35789473684210527
         0.25748146377649017
args: 8 0.3815789473684211
         0.25334027388720387
args: 8 0.4052631578947368
         0.24794648326134727
args: 8 0.42894736842105263
         0.24458808023776693
args: 8 0.45263157894736844
         0.2419560142018212
args: 8 0.4763157894736842
         0.23980552029915606
args: 8 0.5
         0.23581831401812392
args: 9 0.05
         0.4012881576599945
args: 9 0.0736842105263158
         0.35682397215350303
args: 9 0.09736842105263158
         0.3486664478304966
args: 9 0.12105263157894737
         0.34089180369032107
args: 9 0.14473684210526316
         0.32538199923916966
args: 9 0.16842105263157897
         0.3091810719178491
args: 9 0.19210526315789472
         0.3093329144478508
args: 9 0.21578947368421053
         0.29427952687348047
args: 9 0.23947368421052634
         0.29411970206221233
args: 9 0.2631578947368421
         0.290706689958217
args: 9 0.2868421052631579
         0.2782054880264275
args: 9 0.3105263157894737
         0.2729175990396035
args: 9 0.33421052631578946
         0.2683564921377057
args: 9 0.35789473684210527
         0.2654951710735534
args: 9 0.3815789473684211
         0.2555343866984314
args: 9 0.4052631578947368
         0.2495530798249699
args: 9 0.42894736842105263
         0.2473455165401145
args: 9 0.45263157894736844
         0.24401463564016998
args: 9 0.4763157894736842
         0.2396886470155163
args: 9 0.5
         0.2360847112165871
args: 10 0.05
         0.39889094506250666
args: 10 0.0736842105263158
         0.35010230662149416
args: 10 0.09736842105263158
         0.3456162577977743
args: 10 0.12105263157894737
         0.3397973751338331
args: 10 0.14473684210526316
         0.3314713640968967
args: 10 0.16842105263157897
         0.31676291828037206
args: 10 0.19210526315789472
         0.317444289557704
args: 10 0.21578947368421053
         0.3072529863016221
args: 10 0.23947368421052634
         0.2967665379064542
args: 10 0.2631578947368421
         0.29072482525726584
args: 10 0.2868421052631579
         0.2818349947467542
args: 10 0.3105263157894737
         0.27340161466528534
args: 10 0.33421052631578946
         0.2696224188586346
args: 10 0.35789473684210527
         0.2642154517908552
args: 10 0.3815789473684211
         0.25762424659243577
args: 10 0.4052631578947368
         0.2519090352608801
args: 10 0.42894736842105263
         0.24685743549444175
args: 10 0.45263157894736844
         0.24426401748423734
args: 10 0.4763157894736842
         0.2359261808775468
args: 10 0.5
         0.2326083388488504
args: 11 0.05
         0.38787330083579613
args: 11 0.0736842105263158
         0.35087145441761713
args: 11 0.09736842105263158
         0.353465367407367
args: 11 0.12105263157894737
         0.34861324995221166
args: 11 0.14473684210526316
         0.3340894162596829
args: 11 0.16842105263157897
         0.3189885942197649
args: 11 0.19210526315789472
         0.3148187278975565
args: 11 0.21578947368421053
         0.31350785514900303
args: 11 0.23947368421052634
         0.3042970735365426
args: 11 0.2631578947368421
         0.29438912951881085
args: 11 0.2868421052631579
         0.2806121755650811
args: 11 0.3105263157894737
         0.27545847830478665
args: 11 0.33421052631578946
         0.2712170936980768
args: 11 0.35789473684210527
         0.26330435575138444
args: 11 0.3815789473684211
         0.25668978942154524
args: 11 0.4052631578947368
         0.2505840204726726
args: 11 0.42894736842105263
         0.23052881853319201
args: 11 0.45263157894736844
         0.2251467470990914
args: 11 0.4763157894736842
         0.22279722135148686
args: 11 0.5
         0.21750494770979928
args: 12 0.05
         0.3887724173817231
args: 12 0.0736842105263158
         0.3399628466492267
args: 12 0.09736842105263158
         0.35669259294896055
args: 12 0.12105263157894737
         0.35044340477020436
args: 12 0.14473684210526316
         0.33413466892199606
args: 12 0.16842105263157897
         0.3274664314510991
args: 12 0.19210526315789472
         0.32363571526757
args: 12 0.21578947368421053
         0.3108759354391266
args: 12 0.23947368421052634
         0.3045902032150859
args: 12 0.2631578947368421
         0.29582282479549815
args: 12 0.2868421052631579
         0.2787491794199265
args: 12 0.3105263157894737
         0.27461930346325036
args: 12 0.33421052631578946
         0.26892679608402037
args: 12 0.35789473684210527
         0.26232362433301276
args: 12 0.3815789473684211
         0.252771930076579
args: 12 0.4052631578947368
         0.23374094378772042
args: 12 0.42894736842105263
         0.22884506658551793
args: 12 0.45263157894736844
         0.22435511462274133
args: 12 0.4763157894736842
         0.21963683926481842
args: 12 0.5
         0.21651181464246289
args: 13 0.05
         0.3917878419657472
args: 13 0.0736842105263158
         0.3416663819593122
args: 13 0.09736842105263158
         0.3689276727670843
args: 13 0.12105263157894737
         0.348817367627843
args: 13 0.14473684210526316
         0.33989948063559505
args: 13 0.16842105263157897
         0.3307497122597519
args: 13 0.19210526315789472
         0.3282351829970299
args: 13 0.21578947368421053
         0.31141523303982604
args: 13 0.23947368421052634
         0.30374154898505523
args: 13 0.2631578947368421
         0.2919558974929156
args: 13 0.2868421052631579
         0.2784916290396657
args: 13 0.3105263157894737
         0.271619924093264
args: 13 0.33421052631578946
         0.26714880037593947
args: 13 0.35789473684210527
         0.2596141712341454
args: 13 0.3815789473684211
         0.24137586215697618
args: 13 0.4052631578947368
         0.2367170040324503
args: 13 0.42894736842105263
         0.2256174325459615
args: 13 0.45263157894736844
         0.2215939222104169
args: 13 0.4763157894736842
         0.2180794735315305
args: 13 0.5
         0.21279736707535776
args: 14 0.05
         0.3828162801461798
args: 14 0.0736842105263158
         0.3664493777635941
args: 14 0.09736842105263158
         0.3694898936447021
args: 14 0.12105263157894737
         0.36759893679880995
args: 14 0.14473684210526316
         0.3429836784599816
args: 14 0.16842105263157897
         0.33231301018161663
args: 14 0.19210526315789472
         0.32675007582418264
args: 14 0.21578947368421053
         0.311299728003853
args: 14 0.23947368421052634
         0.3033459264025028
args: 14 0.2631578947368421
         0.28587447080542744
args: 14 0.2868421052631579
         0.2789434824502288
args: 14 0.3105263157894737
         0.26926305877384243
args: 14 0.33421052631578946
         0.24925444449586043
args: 14 0.35789473684210527
         0.2422632714635118
args: 14 0.3815789473684211
         0.24096209032047025
args: 14 0.4052631578947368
         0.235015218752209
args: 14 0.42894736842105263
         0.23045935511010304
args: 14 0.45263157894736844
         0.21984914660938787
args: 14 0.4763157894736842
         0.21415167360251308
args: 14 0.5
         0.21175290833008414
args: 15 0.05
         0.39108416983029115
args: 15 0.0736842105263158
         0.3805847729044324
args: 15 0.09736842105263158
         0.37175708469993474
args: 15 0.12105263157894737
         0.36674620171699934
args: 15 0.14473684210526316
         0.3574477412636255
args: 15 0.16842105263157897
         0.34523955080114876
args: 15 0.19210526315789472
         0.33104585476097215
args: 15 0.21578947368421053
         0.30901859199275705
args: 15 0.23947368421052634
         0.3018534724824875
args: 15 0.2631578947368421
         0.2726167788303363
args: 15 0.2868421052631579
         0.2588540568097958
args: 15 0.3105263157894737
         0.2516443580046517
args: 15 0.33421052631578946
         0.2487780480963651
args: 15 0.35789473684210527
         0.2441530424072575
args: 15 0.3815789473684211
         0.24123613389448023
args: 15 0.4052631578947368
         0.23074325092581766
args: 15 0.42894736842105263
         0.2266280828389028
args: 15 0.45263157894736844
         0.2210119521733177
args: 15 0.4763157894736842
         0.21905007313915845
args: 15 0.5
         0.2123644238843761
args: 16 0.05
         0.3913231068816192
args: 16 0.0736842105263158
         0.38049407538899016
args: 16 0.09736842105263158
         0.36168306086241464
args: 16 0.12105263157894737
         0.3751920796203795
args: 16 0.14473684210526316
         0.36192806007602996
args: 16 0.16842105263157897
         0.32508661585729526
args: 16 0.19210526315789472
         0.3106477865489635
args: 16 0.21578947368421053
         0.29843164686337176
args: 16 0.23947368421052634
         0.2981133724892512
args: 16 0.2631578947368421
         0.2715313758314874
args: 16 0.2868421052631579
         0.2566131770092934
args: 16 0.3105263157894737
         0.25134099284854317
args: 16 0.33421052631578946
         0.2458336442338254
args: 16 0.35789473684210527
         0.24142458662475824
args: 16 0.3815789473684211
         0.23411969975993877
args: 16 0.4052631578947368
         0.22964412802719036
args: 16 0.42894736842105263
         0.22698305508489997
args: 16 0.45263157894736844
         0.22013217163859075
args: 16 0.4763157894736842
         0.21849957600783815
args: 16 0.5
         0.2142841411110596
args: 17 0.05
         0.39414922757308724
args: 17 0.0736842105263158
         0.38420396959246517
args: 17 0.09736842105263158
         0.36747326121139806
args: 17 0.12105263157894737
         0.3639644052510953
args: 17 0.14473684210526316
         0.36188332701584736
args: 17 0.16842105263157897
         0.32701494327104735
args: 17 0.19210526315789472
         0.302979527698995
args: 17 0.21578947368421053
         0.2964049377809179
args: 17 0.23947368421052634
         0.2788396028524248
args: 17 0.2631578947368421
         0.2742904803978256
args: 17 0.2868421052631579
         0.25548856587525814
args: 17 0.3105263157894737
         0.2489165619935257
args: 17 0.33421052631578946
         0.24272078368538955
args: 17 0.35789473684210527
         0.2359124873967049
args: 17 0.3815789473684211
         0.23437618793504497
args: 17 0.4052631578947368
         0.2295763539506599
args: 17 0.42894736842105263
         0.22865704846343451
args: 17 0.45263157894736844
         0.2199301913346632
args: 17 0.4763157894736842
         0.21256238960145574
args: 17 0.5
         0.2102641090230832
args: 18 0.05
         0.36917723557921794
args: 18 0.0736842105263158
         0.3782572533284731
args: 18 0.09736842105263158
         0.3699109123664147
args: 18 0.12105263157894737
         0.3658692264917831
args: 18 0.14473684210526316
         0.34195354723121163
args: 18 0.16842105263157897
         0.32417549393559536
args: 18 0.19210526315789472
         0.3056417502610813
args: 18 0.21578947368421053
         0.29419998485527843
args: 18 0.23947368421052634
         0.27528150212109476
args: 18 0.2631578947368421
         0.2722660267964897
args: 18 0.2868421052631579
         0.25414458399161105
args: 18 0.3105263157894737
         0.24752585510335592
args: 18 0.33421052631578946
         0.24012867594785142
args: 18 0.35789473684210527
         0.23311472029677285
args: 18 0.3815789473684211
         0.23166600867844142
args: 18 0.4052631578947368
         0.22995428431206683
args: 18 0.42894736842105263
         0.22082869035428682
args: 18 0.45263157894736844
         0.21527500648657172
args: 18 0.4763157894736842
         0.2126116109837466
args: 18 0.5
         0.20526456932332726
args: 19 0.05
         0.3694992843855899
args: 19 0.0736842105263158
         0.38119336066634857
args: 19 0.09736842105263158
         0.37949665859465853
args: 19 0.12105263157894737
         0.3572640063941536
args: 19 0.14473684210526316
         0.3402400500205378
args: 19 0.16842105263157897
         0.3213227507310471
args: 19 0.19210526315789472
         0.30344860705334975
args: 19 0.21578947368421053
         0.2917218849883575
args: 19 0.23947368421052634
         0.2783726228073303
args: 19 0.2631578947368421
         0.2685187806939552
args: 19 0.2868421052631579
         0.2538164152135585
args: 19 0.3105263157894737
         0.24601340056512372
args: 19 0.33421052631578946
         0.23900994758062727
args: 19 0.35789473684210527
         0.23263617978188106
args: 19 0.3815789473684211
         0.23094339432251657
args: 19 0.4052631578947368
         0.22432452534183261
args: 19 0.42894736842105263
         0.22079898997580671
args: 19 0.45263157894736844
         0.212565014001997
args: 19 0.4763157894736842
         0.2109666295627692
args: 19 0.5
         0.2075789933896456
Finished. Best score: 0.4012881576599945 best params: [9, 0.05]
